1
-0.138422
-0.778892
-0.628965
0.99924473 0.00851631 -0.03791350
-0.00457292 0.99468053 0.10290644
0.03858820 -0.10265534 0.99396822
0.02866000
2
-0.132313
-0.779924
-0.629205
0.99922236 0.00711650 -0.03878178
-0.00308123 0.99466280 0.10313302
0.03930874 -0.10293332 0.99391124
0.03323989
3
-0.135633
-0.776841
-0.630113
0.99927549 0.00698979 -0.03741185
-0.00312669 0.99474483 0.10233738
0.03793056 -0.10214626 0.99404598
0.02561823
4
-0.135039
-0.762356
 -0.63234
0.99927492 0.00299324 -0.03795613
0.00066348 0.99538458 0.09596400
0.03806819 -0.09591960 0.99466087
0.04054628
5
-0.136563
-0.763184
-0.632276
0.99927658 0.00698898 -0.03738289
-0.00327912 0.99514206 0.09839476
0.03788897 -0.09820099 0.99444507
0.02706202
6
-0.137479
-0.767067
-0.631963
0.99930068 0.00604752 -0.03689950
-0.00229362 0.99488994 0.10093928
0.03732137 -0.10078406 0.99420807
0.03179512
7
-0.137648
-0.769733
-0.631201
0.99931094 0.00299740 -0.03699533
0.00080525 0.99474845 0.10234680
0.03710782 -0.10230607 0.99406060
0.03228783
8
-0.132717
-0.766823
-0.631477
0.99914979 0.00490740 -0.04093437
-0.00081865 0.99505623 0.09930978
0.04121935 -0.09919184 0.99421423
0.03086793
9
-0.133151
-0.763912
-0.631946
0.99921478 0.00479717 -0.03932941
-0.00093199 0.99521429 0.09771204
0.03960993 -0.09759866 0.99443731
0.03372044
10
-0.133769
-0.761495
-0.632584
0.99927369 0.00253241 -0.03802210
0.00112134 0.99540306 0.09576793
0.03808984 -0.09574101 0.99467725
0.02910377
11
-0.134774
-0.761687
-0.632452
0.99931741 0.00378247 -0.03674798
-0.00017517 0.99521842 0.09767424
0.03694172 -0.09760113 0.99453976
0.03246963
12
-0.135186
-0.766482
-0.631294
0.99930394 0.00559580 -0.03688246
-0.00170934 0.99451560 0.10457438
0.03726535 -0.10443855 0.99383293
0.04239871
13
 -0.13534
-0.766985
-0.631117
0.99929271 0.00684882 -0.03697532
-0.00300416 0.99467169 0.10304955
0.03748407 -0.10286558 0.99398874
0.03573032
14
-0.134313
-0.763642
-0.631817
0.99922969 0.00526539 -0.03888827
-0.00145624 0.99525044 0.09733678
0.03921609 -0.09720517 0.99449145
0.03200705
15
-0.134583
-0.763904
-0.631883
0.99927571 0.00438254 -0.03780014
-0.00062685 0.99510699 0.09880128
0.03804819 -0.09870602 0.99438899
0.02616349
16
-0.134253
-0.764222
-0.631876
0.99924035 0.00649397 -0.03842588
-0.00262390 0.99499192 0.09992089
0.03888233 -0.09974416 0.99425312
0.02960408
17
-0.135214
-0.765095
-0.631789
0.99931671 0.00442115 -0.03669556
-0.00064922 0.99476659 0.10217149
0.03695524 -0.10207785 0.99408975
0.03080877
18
-0.135169
-0.766311
-0.631663
0.99928779 0.00608169 -0.03724151
-0.00219292 0.99461835 0.10358343
0.03767105 -0.10342799 0.99392331
0.03146629
19
-0.134493
-0.767791
-0.631514
0.99922667 0.00606707 -0.03884913
-0.00196044 0.99448248 0.10488451
0.03927112 -0.10472724 0.99372531
0.03378914
20
 -0.13437
-0.768872
-0.631409
0.99923231 0.00646888 -0.03863870
-0.00237681 0.99446654 0.10502688
0.03910431 -0.10485441 0.99371847
0.03326755
21
-0.134854
-0.768763
-0.631466
0.99929684 0.00559054 -0.03707522
-0.00176514 0.99473970 0.10241978
0.03745278 -0.10228232 0.99405011
0.03056740
22
-0.135538
-0.770018
-0.631121
0.99932777 0.00647425 -0.03608439
-0.00267764 0.99454378 0.10428568
0.03656267 -0.10411896 0.99389256
0.03201756
23
-0.135091
-0.769111
-0.631319
0.99923642 0.00876652 -0.03807537
-0.00490033 0.99492791 0.10047108
0.03876304 -0.10020778 0.99421116
0.02794491
24
-0.134991
-0.768167
-0.631539
0.99925599 0.00479613 -0.03826828
-0.00102890 0.99519956 0.09786102
0.03855393 -0.09774883 0.99446406
0.02943005
25
-0.134545
-0.769096
-0.631409
0.99920976 0.00702818 -0.03912113
-0.00301544 0.99481046 0.10170078
0.03963288 -0.10150245 0.99404552
0.03159960
26
-0.134265
-0.768549
-0.631506
0.99920487 0.00574225 -0.03945436
-0.00176883 0.99498437 0.10001489
0.03983078 -0.09986558 0.99420339
0.02886922
27
-0.134635
-0.770611
-0.631024
0.99927854 0.00530366 -0.03760691
-0.00128472 0.99435509 0.10609573
0.03795732 -0.10597087 0.99364451
0.03787039
28
-0.135271
-0.769575
-0.631223
0.99931434 0.00831915 -0.03607822
-0.00462962 0.99485867 0.10116719
0.03673436 -0.10093079 0.99421505
0.03152122
29
 -0.13592
-0.768799
-0.631323
0.99935725 0.00577318 -0.03538027
-0.00223105 0.99505016 0.09934885
0.03577870 -0.09920605 0.99442347
0.04150745
30
-0.135945
-0.767613
-0.631529
0.99930861 0.00721395 -0.03647276
-0.00366441 0.99532955 0.09646585
0.03699831 -0.09626551 0.99466782
0.03394629
31
-0.135949
-0.767418
-0.631519
0.99931132 0.00484284 -0.03678891
-0.00122482 0.99521143 0.09773799
0.03708608 -0.09762562 0.99453198
0.02882791
32
-0.135951
-0.766996
-0.631627
0.99928269 0.00604705 -0.03738357
-0.00234400 0.99515243 0.09831659
0.03779687 -0.09815844 0.99445277
0.03060097
33
-0.136254
-0.766508
-0.631751
0.99932055 0.00272026 -0.03675649
0.00085833 0.99528453 0.09699465
0.03684702 -0.09696029 0.99460595
0.03358589
34
-0.136167
-0.765987
-0.631884
0.99926174 0.00695232 -0.03778406
-0.00326270 0.99529383 0.09684807
0.03827956 -0.09665329 0.99458173
0.03324182
35
-0.136159
-0.765649
-0.631976
0.99927628 0.00576911 -0.03759835
-0.00208417 0.99525103 0.09731927
0.03798124 -0.09717048 0.99454277
0.03321809
36
-0.135871
-0.766542
-0.631748
0.99923838 0.00505349 -0.03869268
-0.00107902 0.99477785 0.10205813
0.03900637 -0.10193865 0.99402566
0.03479100
37
 -0.13608
 -0.76659
-0.631717
0.99929346 0.00532372 -0.03720541
-0.00153277 0.99486626 0.10118686
0.03755309 -0.10105834 0.99417150
0.02986902
38
-0.136057
-0.766512
-0.631794
0.99928716 0.00316075 -0.03761881
0.00062015 0.99497999 0.10007212
0.03774627 -0.10002412 0.99426877
0.03298230
39
 -0.13606
-0.766426
 -0.63182
0.99926449 0.00655941 -0.03778159
-0.00275131 0.99498608 0.09997564
0.03824794 -0.09979816 0.99427231
0.02875711
40
-0.136424
-0.767547
-0.631631
0.99932422 0.00596135 -0.03627073
-0.00213358 0.99450474 0.10466982
0.03669539 -0.10452170 0.99384539
0.03334493
41
 -0.13645
-0.767797
-0.631619
0.99930284 0.00613335 -0.03682696
-0.00226389 0.99455304 0.10420711
0.03726550 -0.10405109 0.99387356
0.03127668
42
-0.136908
-0.768801
-0.631378
0.99933665 0.00823252 -0.03547510
-0.00440512 0.99428725 0.10664645
0.03615041 -0.10641943 0.99366395
0.04067365
43
-0.136842
-0.768596
-0.631474
0.99927424 0.00936536 -0.03692274
-0.00552483 0.99468908 0.10277697
0.03768919 -0.10249838 0.99401892
0.03171729
44
-0.136741
-0.768505
-0.631547
0.99928135 0.00612207 -0.03740733
-0.00231041 0.99487345 0.10110138
0.03783451 -0.10094230 0.99417262
0.03013425
45
-0.136828
 -0.76817
 -0.63161
0.99931020 0.00448638 -0.03686462
-0.00081033 0.99507385 0.09913309
0.03712777 -0.09903483 0.99439109
0.02465936
46
-0.136551
-0.768022
-0.631646
0.99923796 0.00658687 -0.03847215
-0.00274750 0.99508280 0.09900846
0.03893513 -0.09882731 0.99434261
0.02994201
47
 -0.13607
-0.768878
-0.631531
0.99916505 0.00711328 -0.04023179
-0.00289401 0.99457569 0.10397507
0.04075316 -0.10377182 0.99376586
0.03344373
48
-0.136066
-0.768102
-0.631669
0.99924475 0.00315814 -0.03872937
0.00066550 0.99515473 0.09831901
0.03885222 -0.09827053 0.99440103
0.03031697
49
-0.136247
-0.768993
-0.631513
0.99928308 0.00511775 -0.03751176
-0.00117878 0.99454680 0.10428459
0.03784090 -0.10416561 0.99383982
0.03425019
50
 -0.13618
-0.768455
-0.631639
0.99925767 0.00613865 -0.03803197
-0.00231217 0.99499978 0.09985032
0.03845475 -0.09968826 0.99427536
0.02839297
51
-0.135965
-0.768401
-0.631643
0.99922934 0.00530340 -0.03889223
-0.00139100 0.99499245 0.09994047
0.03922750 -0.09980935 0.99423302
0.03031963
52
-0.135759
-0.768439
-0.631653
0.99919597 0.00723703 -0.03943400
-0.00324211 0.99493748 0.10044349
0.03996127 -0.10023488 0.99416099
0.03003189
53
-0.135582
-0.767621
-0.631785
0.99921613 0.00489486 -0.03928312
-0.00109974 0.99537542 0.09605497
0.03957163 -0.09593648 0.99460056
0.03824148
54
-0.135434
-0.767558
-0.631788
0.99920175 0.00672239 -0.03937850
-0.00283004 0.99517470 0.09807812
0.03984780 -0.09788838 0.99439932
0.03297895
55
-0.135257
-0.766851
  -0.6319
0.99918373 0.00737721 -0.03971725
-0.00354724 0.99540862 0.09565094
0.04024053 -0.09543198 0.99462226
0.04005941
56
-0.135244
-0.768479
-0.631537
0.99917993 0.01038440 -0.03913618
-0.00611828 0.99417651 0.10759008
0.04002553 -0.10726240 0.99342475
0.04595531
57
-0.135434
-0.769581
-0.631273
0.99926945 0.00858113 -0.03724139
-0.00440584 0.99383518 0.11078002
0.03796242 -0.11053502 0.99314695
0.06105368
58
-0.135457
-0.769317
-0.631308
0.99928260 0.00647528 -0.03731436
-0.00255247 0.99454972 0.10423215
0.03778592 -0.10406213 0.99385275
0.03245111
59
 -0.13535
-0.768651
 -0.63142
0.99925919 0.00664095 -0.03790736
-0.00287961 0.99513987 0.09842936
0.03837679 -0.09824729 0.99442179
0.02966544
60
-0.135034
-0.768939
-0.631396
0.99918343 0.00634851 -0.03990196
-0.00226204 0.99481921 0.10163478
0.04034047 -0.10146152 0.99402123
0.02873660
61
-0.134946
 -0.76949
-0.631285
0.99920598 0.00639178 -0.03932627
-0.00224126 0.99450215 0.10469213
0.03977923 -0.10452086 0.99372682
0.03983958
62
-0.134932
-0.769356
-0.631326
0.99920074 0.00906909 -0.03893105
-0.00505206 0.99476466 0.10206734
0.03965289 -0.10178908 0.99401541
0.02988420
63
-0.135052
-0.769385
-0.631367
0.99927263 0.00544461 -0.03774350
-0.00159740 0.99486277 0.10122019
0.03810070 -0.10108627 0.99414783
0.02554164
64
-0.135088
-0.769943
 -0.63121
0.99929153 0.00480555 -0.03732746
-0.00087540 0.99451410 0.10459893
0.03762534 -0.10449214 0.99381373
0.03298691
65
-0.135365
-0.769834
-0.631251
0.99933013 0.00698970 -0.03592252
-0.00327207 0.99472504 0.10252509
0.03644965 -0.10233887 0.99408158
0.03463056
66
 -0.13552
-0.769493
-0.631327
0.99930500 0.00948749 -0.03604862
-0.00584598 0.99498929 0.09981048
0.03681494 -0.09953038 0.99435324
0.02913666
67
-0.135687
 -0.76982
-0.631276
0.99932765 0.00817230 -0.03574148
-0.00444834 0.99466566 0.10305550
0.03639302 -0.10282722 0.99403325
0.03374215
68
-0.135864
-0.769687
-0.631294
0.99937367 0.00361903 -0.03520196
-0.00003217 0.99484934 0.10136460
0.03538748 -0.10129998 0.99422635
0.03220828
69
-0.135912
-0.769492
-0.631365
0.99932176 0.00741433 -0.03607006
-0.00377701 0.99499211 0.09988212
0.03662998 -0.09967814 0.99434527
0.02725028
70
-0.135807
-0.769956
 -0.63127
0.99925697 0.00843223 -0.03760853
-0.00448495 0.99458477 0.10383166
0.03828041 -0.10358584 0.99388359
0.03372329
71
-0.135612
-0.769808
-0.631284
0.99920264 0.00795068 -0.03912626
-0.00394275 0.99483121 0.10146581
0.03973075 -0.10123064 0.99406933
0.03024844
72
-0.135567
 -0.77004
-0.631255
0.99919614 0.00952326 -0.03894076
-0.00547188 0.99468164 0.10285183
0.03971314 -0.10255607 0.99393416
0.03107035
73
-0.135545
-0.769695
-0.631309
0.99922803 0.00787447 -0.03848816
-0.00401251 0.99503877 0.09940693
0.03907999 -0.09917575 0.99430223
0.03044329
74
-0.135582
-0.769486
-0.631369
0.99927443 0.00642520 -0.03754109
-0.00270379 0.99514812 0.09835097
0.03799087 -0.09817811 0.99444344
0.03328319
75
 -0.13576
-0.770076
-0.631257
0.99935296 0.00278105 -0.03585990
0.00096700 0.99456841 0.10408043
0.03595458 -0.10404776 0.99392220
0.03167311
76
-0.135671
-0.769038
-0.631426
0.99926998 0.00648921 -0.03764822
-0.00288839 0.99548064 0.09492078
0.03809403 -0.09474274 0.99477267
0.04426058
77
-0.135574
 -0.76949
-0.631322
0.99924155 0.00649062 -0.03839524
-0.00255860 0.99482360 0.10158469
0.03885583 -0.10140941 0.99408569
0.03171638
78
-0.135523
-0.769697
 -0.63129
0.99921377 0.00843120 -0.03873966
-0.00439860 0.99466916 0.10302381
0.03940176 -0.10277241 0.99392421
0.03053273
79
-0.135571
-0.770273
-0.631135
0.99925687 0.00734151 -0.03783932
-0.00326659 0.99429162 0.10664665
0.03840626 -0.10644379 0.99357671
0.03763931
80
-0.135846
 -0.77048
-0.631091
0.99933820 0.00726206 -0.03564291
-0.00346410 0.99441516 0.10548214
0.03620986 -0.10528886 0.99378222
0.03537732
81
-0.135889
-0.770245
-0.631105
0.99929564 0.00852059 -0.03654631
-0.00477253 0.99482991 0.10144299
0.03722172 -0.10119712 0.99416985
0.03083360
82
-0.135897
-0.769906
-0.631147
0.99930465 0.00559235 -0.03686374
-0.00194154 0.99515135 0.09833631
0.03723493 -0.09819636 0.99447023
0.03243981
83
-0.136116
-0.770332
-0.631053
0.99936299 0.00501910 -0.03533317
-0.00134434 0.99465267 0.10326793
0.03566254 -0.10315465 0.99402581
0.03202496
84
-0.136326
-0.770257
-0.631051
0.99940155 0.00257402 -0.03449513
0.00093990 0.99483860 0.10146566
0.03457826 -0.10143736 0.99424082
0.03520159
85
-0.136172
-0.770486
-0.631031
0.99926904 0.00668857 -0.03763833
-0.00276652 0.99464578 0.10330593
0.03812777 -0.10312629 0.99393724
0.03163650
86
-0.136084
-0.771256
-0.630898
0.99922582 0.00728152 -0.03866178
-0.00301071 0.99399379 0.10939509
0.03922614 -0.10919400 0.99324618
0.04772238
87
-0.136132
 -0.77188
-0.630803
0.99928190 0.00546230 -0.03749458
-0.00128151 0.99386040 0.11063396
0.03786869 -0.11050646 0.99315371
0.05515053
88
-0.136304
-0.772276
-0.630711
0.99934534 0.00405454 -0.03595057
-0.00009760 0.99399877 0.10939117
0.03617835 -0.10931605 0.99334844
0.05118131
89
-0.136218
-0.772339
-0.630718
0.99926451 0.00761907 -0.03758173
-0.00360152 0.99437745 0.10583248
0.03817677 -0.10561929 0.99367354
0.03604291
90
-0.136554
-0.772164
-0.630713
0.99939843 0.00356154 -0.03449772
-0.00003304 0.99481032 0.10174683
0.03468106 -0.10168448 0.99421199
0.03493580
91
-0.136864
-0.772503
-0.630624
0.99943608 0.00546043 -0.03313157
-0.00196105 0.99449696 0.10474711
0.03352121 -0.10462307 0.99394685
0.03884804
92
-0.136693
-0.772149
-0.630672
0.99933184 0.00205614 -0.03649173
0.00158688 0.99503405 0.09952247
0.03651515 -0.09951389 0.99436594
0.03580687
93
-0.136759
-0.772294
-0.630623
0.99932999 0.00470616 -0.03629620
-0.00098047 0.99478509 0.10198850
0.03658690 -0.10188458 0.99412320
0.03140673
94
-0.136757
-0.771999
-0.630684
0.99929334 0.00666832 -0.03699123
-0.00297318 0.99507687 0.09906148
0.03746969 -0.09888150 0.99439352
0.03270209
95
-0.136815
-0.772608
-0.630545
0.99929915 0.00730522 -0.03671286
-0.00335696 0.99430958 0.10647624
0.03728178 -0.10627837 0.99363725
0.03961888
96
-0.136561
-0.772834
-0.630483
0.99917594 0.00807736 -0.03977679
-0.00380755 0.99432983 0.10627175
0.04040965 -0.10603272 0.99354120
0.03658552
97
-0.136446
-0.772289
-0.630608
0.99916691 0.00902552 -0.03979971
-0.00505696 0.99510351 0.09870880
0.04049573 -0.09842530 0.99432015
0.03484443
98
-0.136416
-0.772311
-0.630595
0.99919838 0.00917277 -0.03896730
-0.00521680 0.99493003 0.10043416
0.03969100 -0.10015037 0.99418033
0.03171916
99
-0.136404
-0.772068
-0.630658
0.99920827 0.00960517 -0.03860803
-0.00575810 0.99511570 0.09854740
0.03936602 -0.09824707 0.99438314
0.03228803
100
 -0.13612
-0.772299
-0.630619
0.99914690 0.00747073 -0.04061592
-0.00329437 0.99478553 0.10193575
0.04116566 -0.10171499 0.99396149
0.03221946
